5_8S_rRNA              68%    197     61      0     60      1
U1                     66%    200    100      0     93      5
U2                     60%    261    208      0    194     13
tRNA                   44%    116    954      0    924     16
Vault                  59%    163     72      1     71      1
U12                    73%    214     62      0     42      7
RNaseP_nuc             60%    639    114      2     69     24
RNaseP_bact_a          59%    991    458      0    442      4
U3                     73%    259     84      3     47     20
6S                     61%    217    149      0     40     38
U4                     58%    257    170      0    164      3
Metazoa_SRP            70%    321     90      1     87      3
CsrB                   71%    434     38      0     37      1
U5                     60%    164    180      0    124     22
GcvB                   83%    230     27      0     15      5
tmRNA                  69%    542    476      1    162    123
Telomerase-vert        71%    603     37      0     21     11
Telomerase-cil         72%    185     20      0     11      4
U6                     70%    215    188      0    187      1
Intron_gpII            53%    184     89      3     82      4
RNase_MRP              72%    355     65      1     29     27
SECIS_1                84%     67     61      0      7     27
Histone3               58%     47     46      0     30     11
IRE_I                  78%     38     61      0     60      1
rne5                   68%    364      6      0      5      1
SNORA73                74%    257     60      6     59      1
SNORD25                83%     90     12      0      9      1
SNORD96                70%    101      9      0      5      2
TPP                    54%    201    109      0    100      8
U7                     74%     67     49      0     39      2
SNORD15                64%    156     11      0      9      2
HDV_ribozyme           92%     92     33      0     18      1
U8                     70%    177     55      0     49      2
7SK                    84%    378     45      0     43      2
mir-10                 71%     79     36      0     34      2
S15                    65%    136     78      0     67      8
Alpha_RBS              69%    135     39      0     34      3
Corona_pk3             84%     67     14      0     10      1
Lysine                 69%    185     47      0     12     16
Bacteria_small_SRP     51%    122    228     33    202     10
msr                    76%     83      9      0      7      2
Cobalamin              50%    435    430      0    408     10
Flavi_CRE              69%    115     84      0     73      1
IRES_Picorna_2         86%    471     92      0     88      3
T-box                  70%    248     48      0      6     36
glmS                   70%    208     18      0      9      5
RNaseP_arch            66%    349     70      0     27     19
ydaO-yuaA              56%    310    106      0    105      1
SNORA13                69%    164     50      0     47      3
SNORA15                83%    146     22      0     21      1
mir-172                62%    126     11      0      7      2
RNAIII                 66%    586     10      0      8      2
Glycine                54%    203     43      1     28     14
Thr_leader             82%    141     25      0     22      2
Corona_FSE             68%     87     23      0     22      1
Leu_leader             65%    158      6      0      5      1
His_leader             63%    166     33      0     32      1
PyrR                   58%    128     41      0      9     19
R2_retro_el            69%    272     15      0     14      1
SgrS                   68%    261      8      0      5      3
U11                    64%    196     72      0     57      6
bicoid_3               86%    610     15      0     12      1
SCARNA1                72%    203     29      0     28      1
L10_leader             50%    190     97      0     33     34
L20_leader             60%    140     43      0     19      8
L21_leader             58%    141     38      0     28      3
SNORA35                70%    147     29      0     24      1
SNORA12                79%    159     23      0     22      1
SNORD88                76%    113     35      0     34      1
U4atac                 63%    218     61      0     57      3
U6atac                 71%    153     62      0     61      1
P11                    71%    143     15      0     14      1
MIR159                 68%    248     66      0     33     18
MIR167_1               56%    391     37      5     18      9
MIR169_2               55%    279     98      2     65     24
MIR164                 54%    275     34      5     33      1
MIR396                 56%    256     26      0     23      1
mir-216                74%     93     33      0     18      1
mir-210                76%     99     26      0     13      1
mir-36                 56%    111     46      0     33      6
mir-239                63%    108      9      0      5      3
mir-81                 67%    104      9      0      8      1
mir-328                85%     84     13      0     12      1
MIR473                 60%    112      6      0      5      1
MIR474                 59%    131     11      0     10      1
mir-490                83%    134     19      0     18      1
mir-252                72%    113     10      0      5      5
MIR824                 95%    667     12      0     11      1
MIR1446                85%    107      7      0      5      2
Arthropod_7SK          85%    524     17      2     12      2
preQ1-II               72%    130     14      0     13      1
MOCO_RNA_motif         65%    191    160      0    106     36
6C                     73%     97     18      0     17      1
ATPC                   74%    107     90      0     88      2
purD                   70%    150     21      0     11      8
OLE                    63%    743     19      1     18      1
TLS-PK3                72%    146      8      0      5      2
sR28                   80%     55      6      0      5      1
snR5                   80%    204     11      0     10      1
snoU85                 76%    361     21      0     16      2
sR5                    76%     61     11      0      6      2
isrN                   71%    144     17      0     12      5
isrO                   98%    201      6      0      5      1
miR-430                61%    107     46      0     42      2
rli38                  67%    169     20      0     17      3
AdoCbl_riboswitch      69%    159      7      0      6      1
rli28                  62%    203     21      0     13      7
Fungi_SRP              86%    600     46      4     11     25
Afu_254                60%    165      6      0      5      1
Afu_309                65%    380     10      0      9      1
pRNA                   67%     98     23      0     14      6
PhrS                   70%    227     13      0     11      2
AdoCbl-variant         78%    175    144      0    143      1
Bacteroid-trp          60%    165     35      0     25      8
Clostridiales-1        59%    257    194      0    158     13
Collinsella-1          77%    207      6      0      5      1
Cyano-2                66%    229     57      0     52      1
Lacto-rpoB             81%     59     31      0     20      7
Lacto-usp              76%     92      6      0      5      1
Methylobacterium-1     67%    117     34      0     27      3
Moco-II                80%     51      7      0      6      1
Polynucleobacter-1     68%    152     16      0      7      4
SAM-I-IV-variant       56%    228    437      0    414     17
STAXI                  63%    182     30      0     21      3
Termite-leu            94%     78     20      0     14      2
TwoAYGGAY              59%    186    198     12     96     19
atoC                   75%     99      8      0      7      1
flpD                   77%     48      8      0      7      1
gabT                   69%     69     17      0     16      1
gyrA                   75%     92     18      0     13      1
manA                   82%    249    189      0    165     18
mraW                   62%    124     45      0     16     15
pan                    61%    141     73      1     45     15
traJ-II                74%    112     47      0     44      2
rnk_pseudo             67%    110     15      0     11      1
c-di-GMP-II            55%    113     54      0     51      3
sok                    56%    298     91      0     90      1
GIR1                   78%    263     12      0     11      1
RUF20                  83%    452      6      0      5      1
THF                    59%    179     97      0     96      1
SmY                    60%     93     61      0     59      2
enod40                 67%    344     33      2     19      8
Fungi_U3               65%    547     64      2     31     10
Plant_U3               69%    243     23      1     18      5
ACEA_U3                75%    286     20      8      6      9
alpha_tmRNA            62%    482    111      0     98      4
cyano_tmRNA            84%    318     27      0     26      1
Plant_SRP              64%    367     62      1     60      1
Protozoa_SRP           81%    287     14      4      7      7
Archaea_SRP            57%    339     53      0     33     10
CC2171                 61%    234     13      0      8      3
MIR2118                72%    190      7      0      6      1
SSU_rRNA_eukarya       61%   3276     91      0     90      1
group-II-D1D4-2        59%    166    144      0    142      2
group-II-D1D4-3        54%    401    405      1    397      6
group-II-D1D4-4        51%    204     90      0     79     10
group-II-D1D4-5        56%    341    139      0    126     10
group-II-D1D4-6        57%    346    174      0     96     37
group-II-D1D4-7        53%    252    244      0    194     17
GOLLD                  65%    431     35      0     13     14
HEARO                  54%    362    110      0    108      2
CDKN2B-AS_3            73%    149     18      0     17      1
PVT1_7                 68%    141      8      0      7      1
HPnc0260               58%    196     31      0     26      5
IRE_II                 74%     32     29      0     20      3
ar14                   61%    166    118      0    115      2
ar45                   87%    152     36      0     35      1
RNaseP-T               89%    213      9      0      8      1
rli60                  67%    247     11      0      6      1
HDV-F-prausnitzii      66%     99     48      0     47      1
Twister-P5             56%    104     15      0     11      4
PsrR1                  66%    104     13      0     12      1
